10.0000000000000000  5.0000000000000000  0.5000000000000000  -191.8948025192394200  -194.9082314484683100  
20.0000000000000000  5.0000000000000000  0.5000000000000000  -192.8166500825856000  -191.3015081232460100  
30.0000000000000000  5.0000000000000000  0.5000000000000000  -193.7600114968296600  -191.8114256648009600  
40.0000000000000000  5.0000000000000000  0.5000000000000000  -195.1365794013775600  -193.4774217452716700  
50.0000000000000000  5.0000000000000000  0.5000000000000000  -197.2629747057458500  -195.3300034356950300  
60.0000000000000000  5.0000000000000000  0.5000000000000000  -200.3839833754019300  -195.8338521724475400  
70.0000000000000000  5.0000000000000000  0.5000000000000000  -205.1061164814955800  -191.8788875610999300  
10.0000000000000000  10.0000000000000000  0.5000000000000000  -190.2182141392136700  -193.2241506020409600  
20.0000000000000000  10.0000000000000000  0.5000000000000000  -191.1393636631605700  -189.5798109309752100  
30.0000000000000000  10.0000000000000000  0.5000000000000000  -192.0833978133744900  -190.0354624063768100  
40.0000000000000000  10.0000000000000000  0.5000000000000000  -193.4640434266863200  -191.6002920915814800  
50.0000000000000000  10.0000000000000000  0.5000000000000000  -195.6111205845214400  -193.4605922478905900  
60.0000000000000000  10.0000000000000000  0.5000000000000000  -198.7933471484241700  -194.8225544862672200  
70.0000000000000000  10.0000000000000000  0.5000000000000000  -203.7072615740828800  -191.9721339208424000  
10.0000000000000000  15.0000000000000000  0.5000000000000000  -189.1069693702828500  -192.1058624082496600  
20.0000000000000000  15.0000000000000000  0.5000000000000000  -190.0274345410936400  -188.4287684272268800  
30.0000000000000000  15.0000000000000000  0.5000000000000000  -190.9709490205005100  -188.8290439541659700  
40.0000000000000000  15.0000000000000000  0.5000000000000000  -192.3514737267543400  -190.2928607777104200  
50.0000000000000000  15.0000000000000000  0.5000000000000000  -194.5054754394977300  -192.0567680157246600  
60.0000000000000000  15.0000000000000000  0.5000000000000000  -197.7134343057426800  -193.7408651770326700  
70.0000000000000000  15.0000000000000000  0.5000000000000000  -202.7258838649347600  -191.8959537976524000  
10.0000000000000000  20.0000000000000000  0.5000000000000000  -188.3592658926675700  -191.3526484392725100  
20.0000000000000000  20.0000000000000000  0.5000000000000000  -189.2791472712239900  -187.6505257033504700  
30.0000000000000000  20.0000000000000000  0.5000000000000000  -190.2218005045364500  -188.0064358789666100  
40.0000000000000000  20.0000000000000000  0.5000000000000000  -191.6006980566246500  -189.3906229132319700  
50.0000000000000000  20.0000000000000000  0.5000000000000000  -193.7556676711510300  -191.0556918817039500  
60.0000000000000000  20.0000000000000000  0.5000000000000000  -196.9729499516376400  -192.8307235533849300  
70.0000000000000000  20.0000000000000000  0.5000000000000000  -202.0360551595242700  -191.7180295128758000  
10.0000000000000000  25.0000000000000000  0.5000000000000000  -187.7699953798548900  -190.7586866844774800  
20.0000000000000000  25.0000000000000000  0.5000000000000000  -188.6893221610856700  -187.0358827499083000  
30.0000000000000000  25.0000000000000000  0.5000000000000000  -189.6308204789031600  -187.3546259405232800  
40.0000000000000000  25.0000000000000000  0.5000000000000000  -191.0072232562545500  -188.6729280618743900  
50.0000000000000000  25.0000000000000000  0.5000000000000000  -193.1602026209010900  -190.2492441268881300  
60.0000000000000000  25.0000000000000000  0.5000000000000000  -196.3789907687139200  -192.0368432943457700  
70.0000000000000000  25.0000000000000000  0.5000000000000000  -201.4701323228352400  -191.4842287496071500  
10.0000000000000000  30.0000000000000000  0.5000000000000000  -187.3335930463271700  -190.3186219052427900  
20.0000000000000000  30.0000000000000000  0.5000000000000000  -188.2524532705832900  -186.5798878808352000  
30.0000000000000000  30.0000000000000000  0.5000000000000000  -189.1928382483666800  -186.8697148863269000  
40.0000000000000000  30.0000000000000000  0.5000000000000000  -190.5666868710305300  -188.1372085489515500  
50.0000000000000000  30.0000000000000000  0.5000000000000000  -192.7165532511035600  -189.6419194756260800  
60.0000000000000000  30.0000000000000000  0.5000000000000000  -195.9329300567407600  -191.4081175554266300  
70.0000000000000000  30.0000000000000000  0.5000000000000000  -201.0375208383135300  -191.2423172047648400  
10.0000000000000000  35.0000000000000000  0.5000000000000000  -186.9758236380637300  -189.9577373612743500  
20.0000000000000000  35.0000000000000000  0.5000000000000000  -187.8942641115707200  -186.2055529715277700  
30.0000000000000000  35.0000000000000000  0.5000000000000000  -188.8335697117696600  -186.4707989864851600  
40.0000000000000000  35.0000000000000000  0.5000000000000000  -190.2048533440163900  -187.6953816287049500  
50.0000000000000000  35.0000000000000000  0.5000000000000000  -192.3510634309543500  -189.1380100751151500  
60.0000000000000000  35.0000000000000000  0.5000000000000000  -195.5630647191020400  -190.8691781438550100  
70.0000000000000000  35.0000000000000000  0.5000000000000000  -200.6736101352635400  -190.9932509692348200  
10.0000000000000000  5.0000000000000000  1.0000000000000000  -193.2704857240089500  -196.2432974758214100  
20.0000000000000000  5.0000000000000000  1.0000000000000000  -194.0691773671992500  -192.4841841051651000  
30.0000000000000000  5.0000000000000000  1.0000000000000000  -194.8238529359509200  -192.7579962043346600  
40.0000000000000000  5.0000000000000000  1.0000000000000000  -195.9689633334233200  -194.1503764627190400  
50.0000000000000000  5.0000000000000000  1.0000000000000000  -197.8490466281811600  -195.6834669816406100  
60.0000000000000000  5.0000000000000000  1.0000000000000000  -200.7385976273655200  -195.9030949373036200  
70.0000000000000000  5.0000000000000000  1.0000000000000000  -205.2720446064618600  -191.8916729432797300  
10.0000000000000000  10.0000000000000000  1.0000000000000000  -191.5938973439832300  -194.5619563720078100  
20.0000000000000000  10.0000000000000000  1.0000000000000000  -192.3918909477741900  -190.7743620795243100  
30.0000000000000000  10.0000000000000000  1.0000000000000000  -193.1472392524957500  -191.0139771293147200  
40.0000000000000000  10.0000000000000000  1.0000000000000000  -194.2964273587320500  -192.3277860104883000  
50.0000000000000000  10.0000000000000000  1.0000000000000000  -196.1971925069567500  -193.9008524894742900  
60.0000000000000000  10.0000000000000000  1.0000000000000000  -199.1479614003877700  -194.9597444470737200  
70.0000000000000000  10.0000000000000000  1.0000000000000000  -203.8731896990491600  -191.9836851856179300  
10.0000000000000000  15.0000000000000000  1.0000000000000000  -190.4826525750524100  -193.4449436949832400  
20.0000000000000000  15.0000000000000000  1.0000000000000000  -191.2799618257072600  -189.6288428112931700  
30.0000000000000000  15.0000000000000000  1.0000000000000000  -192.0347904596217500  -189.8226276067574100  
40.0000000000000000  15.0000000000000000  1.0000000000000000  -193.1838576588000900  -191.0461562281547900  
50.0000000000000000  15.0000000000000000  1.0000000000000000  -195.0915473619330100  -192.5409735606760900  
60.0000000000000000  15.0000000000000000  1.0000000000000000  -198.0680485577062500  -193.9330602200148500  
70.0000000000000000  15.0000000000000000  1.0000000000000000  -202.8918119899010700  -191.9128280894089800  
10.0000000000000000  20.0000000000000000  1.0000000000000000  -189.7349490974371200  -192.6924039021308800  
20.0000000000000000  20.0000000000000000  1.0000000000000000  -190.5316745558376400  -188.8535066527639700  
30.0000000000000000  20.0000000000000000  1.0000000000000000  -191.2856419436577100  -189.0079949890311200  
40.0000000000000000  20.0000000000000000  1.0000000000000000  -192.4330819886704100  -190.1574478644300300  
50.0000000000000000  20.0000000000000000  1.0000000000000000  -194.3417395935863400  -191.5632045035141000  
60.0000000000000000  20.0000000000000000  1.0000000000000000  -197.3275642036012400  -193.0589051215001500  
70.0000000000000000  20.0000000000000000  1.0000000000000000  -202.2019832844905500  -191.7434939206531500  
10.0000000000000000  25.0000000000000000  1.0000000000000000  -189.1456785846243900  -192.0988877763267600  
20.0000000000000000  25.0000000000000000  1.0000000000000000  -189.9418494456992900  -188.2407759049587500  
30.0000000000000000  25.0000000000000000  1.0000000000000000  -190.6946619180243900  -188.3614380619583500  
40.0000000000000000  25.0000000000000000  1.0000000000000000  -191.8396071883002800  -189.4485442053977500  
50.0000000000000000  25.0000000000000000  1.0000000000000000  -193.7462745433364000  -190.7717736527033300  
60.0000000000000000  25.0000000000000000  1.0000000000000000  -196.7336050206775200  -192.2904562279938100  
70.0000000000000000  25.0000000000000000  1.0000000000000000  -201.6360604478015300  -191.5196570342993700  
10.0000000000000000  30.0000000000000000  1.0000000000000000  -188.7092762510967000  -191.6591106744861000  
20.0000000000000000  30.0000000000000000  1.0000000000000000  -189.5049805551969100  -187.7860092853135300  
30.0000000000000000  30.0000000000000000  1.0000000000000000  -190.2566796874879500  -187.8799066420986600  
40.0000000000000000  30.0000000000000000  1.0000000000000000  -191.3990708030762600  -188.9184174915336300  
50.0000000000000000  30.0000000000000000  1.0000000000000000  -193.3026251735388400  -190.1739095563450000  
60.0000000000000000  30.0000000000000000  1.0000000000000000  -196.2875443087043300  -191.6785892276676600  
70.0000000000000000  30.0000000000000000  1.0000000000000000  -201.2034489632798100  -191.2871032577078300  
10.0000000000000000  35.0000000000000000  1.0000000000000000  -188.3515068428332600  -191.2984379186609900  
20.0000000000000000  35.0000000000000000  1.0000000000000000  -189.1467913961843700  -187.4125741161282100  
30.0000000000000000  35.0000000000000000  1.0000000000000000  -189.8974111508909200  -187.4834704285295300  
40.0000000000000000  35.0000000000000000  1.0000000000000000  -191.0372372760621100  -188.4806550777421400  
50.0000000000000000  35.0000000000000000  1.0000000000000000  -192.9371353533896600  -189.6768082938241400  
60.0000000000000000  35.0000000000000000  1.0000000000000000  -195.9176789710656400  -191.1521239742060600  
70.0000000000000000  35.0000000000000000  1.0000000000000000  -200.8395382602298000  -191.0469047996310200  
10.0000000000000000  5.0000000000000000  1.5000000000000000  -195.5632910652915100  -198.4588074722188900  
20.0000000000000000  5.0000000000000000  1.5000000000000000  -196.1567228415552800  -194.4233812578527800  
30.0000000000000000  5.0000000000000000  1.5000000000000000  -196.5969220011530200  -194.2752262307029700  
40.0000000000000000  5.0000000000000000  1.5000000000000000  -197.3562698868328800  -195.2054959559951000  
50.0000000000000000  5.0000000000000000  1.5000000000000000  -198.8258331655733300  -196.2199766665086700  
60.0000000000000000  5.0000000000000000  1.5000000000000000  -201.3296213806381700  -196.0053101384862100  
70.0000000000000000  5.0000000000000000  1.5000000000000000  -205.5485914814056500  -191.9119246668581100  
10.0000000000000000  10.0000000000000000  1.5000000000000000  -193.8867026852657900  -196.7845077180288100  
20.0000000000000000  10.0000000000000000  1.5000000000000000  -194.4794364221302500  -192.7423062857211600  
30.0000000000000000  10.0000000000000000  1.5000000000000000  -194.9203083176978700  -192.6012322908028100  
40.0000000000000000  10.0000000000000000  1.5000000000000000  -195.6837339121416300  -193.4909288461158800  
50.0000000000000000  10.0000000000000000  1.5000000000000000  -197.1739790443489000  -194.5895652895442800  
60.0000000000000000  10.0000000000000000  1.5000000000000000  -199.7389851536603900  -195.1676411225040200  
70.0000000000000000  10.0000000000000000  1.5000000000000000  -204.1497365739929300  -192.0016853647212000  
10.0000000000000000  15.0000000000000000  1.5000000000000000  -192.7754579163349700  -195.6708056687376100  
20.0000000000000000  15.0000000000000000  1.5000000000000000  -193.3675073000632900  -191.6103701701487700  
30.0000000000000000  15.0000000000000000  1.5000000000000000  -193.8078595248238700  -191.4436912329320300  
40.0000000000000000  15.0000000000000000  1.5000000000000000  -194.5711642122096500  -192.2621437894301800  
50.0000000000000000  15.0000000000000000  1.5000000000000000  -196.0683338993251800  -193.3104785378946200  
60.0000000000000000  15.0000000000000000  1.5000000000000000  -198.6590723109789000  -194.2302973565441300  
70.0000000000000000  15.0000000000000000  1.5000000000000000  -203.1683588648448300  -191.9389352646155400  
10.0000000000000000  20.0000000000000000  1.5000000000000000  -192.0277544387196800  -194.9200290461446600  
20.0000000000000000  20.0000000000000000  1.5000000000000000  -192.6192200301936700  -190.8422646585184200  
30.0000000000000000  20.0000000000000000  1.5000000000000000  -193.0587110088598000  -190.6472010171457900  
40.0000000000000000  20.0000000000000000  1.5000000000000000  -193.8203885420799700  -191.4016750663716400  
50.0000000000000000  20.0000000000000000  1.5000000000000000  -195.3185261309784600  -192.3767179535319100  
60.0000000000000000  20.0000000000000000  1.5000000000000000  -197.9185879568738900  -193.4164869096553000  
70.0000000000000000  20.0000000000000000  1.5000000000000000  -202.4785301594343400  -191.7829868732640600  
10.0000000000000000  25.0000000000000000  1.5000000000000000  -191.4384839259069800  -194.3276849382354500  
20.0000000000000000  25.0000000000000000  1.5000000000000000  -192.0293949200553800  -190.2343307675187700  
30.0000000000000000  25.0000000000000000  1.5000000000000000  -192.4677309832265200  -190.0126997707791600  
40.0000000000000000  25.0000000000000000  1.5000000000000000  -193.2269137417098600  -190.7113382387009000  
50.0000000000000000  25.0000000000000000  1.5000000000000000  -194.7230610807285700  -191.6141061136099200  
60.0000000000000000  25.0000000000000000  1.5000000000000000  -197.3246287739501400  -192.6916220453558700  
70.0000000000000000  25.0000000000000000  1.5000000000000000  -201.9126073227452900  -191.5748448583617600  
10.0000000000000000  30.0000000000000000  1.5000000000000000  -191.0020815923792600  -193.8886679072304600  
20.0000000000000000  30.0000000000000000  1.5000000000000000  -191.5925260295529700  -189.7826676238189000  
30.0000000000000000  30.0000000000000000  1.5000000000000000  -192.0297487526900100  -189.5389777937691600  
40.0000000000000000  30.0000000000000000  1.5000000000000000  -192.7863773564858400  -190.1931271310952800  
50.0000000000000000  30.0000000000000000  1.5000000000000000  -194.2794117109309900  -191.0346077491099900  
60.0000000000000000  30.0000000000000000  1.5000000000000000  -196.8785680619769800  -192.1091041096020700  
70.0000000000000000  30.0000000000000000  1.5000000000000000  -201.4799958382235700  -191.3571622503596900  
10.0000000000000000  35.0000000000000000  1.5000000000000000  -190.6443121841158500  -193.5285567314607000  
20.0000000000000000  35.0000000000000000  1.5000000000000000  -191.2343368705404000  -189.4115198230233500  
30.0000000000000000  35.0000000000000000  1.5000000000000000  -191.6704802160929800  -189.1483020640646700  
40.0000000000000000  35.0000000000000000  1.5000000000000000  -192.4245438294717000  -189.7640820292743600  
50.0000000000000000  35.0000000000000000  1.5000000000000000  -193.9139218907818100  -190.5508348897652400  
60.0000000000000000  35.0000000000000000  1.5000000000000000  -196.5087027243382600  -191.6046030323177300  
70.0000000000000000  35.0000000000000000  1.5000000000000000  -201.1160851351735900  -191.1311623180201600  
10.0000000000000000  5.0000000000000000  0.5000000000000000  -194.2222954088664400  -186.1374717941680500  
20.0000000000000000  5.0000000000000000  0.5000000000000000  -195.3121002590783900  -185.0146511085828800  
30.0000000000000000  5.0000000000000000  0.5000000000000000  -196.7145795166976000  -187.3314102217553300  
40.0000000000000000  5.0000000000000000  0.5000000000000000  -198.5557544937604500  -189.8965215670815200  
50.0000000000000000  5.0000000000000000  0.5000000000000000  -200.9546592702451400  -192.6501381406884300  
60.0000000000000000  5.0000000000000000  0.5000000000000000  -204.4227204956937100  -194.9590213753054400  
70.0000000000000000  5.0000000000000000  0.5000000000000000  -209.2893246281664700  -194.1474639887406400  
10.0000000000000000  10.0000000000000000  0.5000000000000000  -192.5471225722844200  -184.4512730686860800  
20.0000000000000000  10.0000000000000000  0.5000000000000000  -193.6399935700115400  -183.2868396948123600  
30.0000000000000000  10.0000000000000000  0.5000000000000000  -195.0562001566783600  -185.5358402685742200  
40.0000000000000000  10.0000000000000000  0.5000000000000000  -196.9379657276685700  -187.9930157226419300  
50.0000000000000000  10.0000000000000000  0.5000000000000000  -199.4321356046082800  -190.6705987042379300  
60.0000000000000000  10.0000000000000000  0.5000000000000000  -203.1206582583686200  -193.4991220674249100  
70.0000000000000000  10.0000000000000000  0.5000000000000000  -208.3908015143939300  -193.7475348994506400  
10.0000000000000000  15.0000000000000000  0.5000000000000000  -191.4368621010499100  -183.3327605878549800  
20.0000000000000000  15.0000000000000000  0.5000000000000000  -192.5316094303632300  -182.1376099639960000  
30.0000000000000000  15.0000000000000000  0.5000000000000000  -193.9561156363105300  -184.3354639272396000  
40.0000000000000000  15.0000000000000000  0.5000000000000000  -195.8621889842144100  -186.7092104261581700  
50.0000000000000000  15.0000000000000000  0.5000000000000000  -198.4132304164415900  -189.2959229023377100  
60.0000000000000000  15.0000000000000000  0.5000000000000000  -202.2377451402743400  -192.3315253612594500  
70.0000000000000000  15.0000000000000000  0.5000000000000000  -207.7710241772408000  -193.3510654880512900  
10.0000000000000000  20.0000000000000000  0.5000000000000000  -190.6898474344557400  -182.5798272296347900  
20.0000000000000000  20.0000000000000000  0.5000000000000000  -191.7858104170569800  -181.3626140864186000  
30.0000000000000000  20.0000000000000000  0.5000000000000000  -193.2155287231813100  -183.5232452158964200  
40.0000000000000000  20.0000000000000000  0.5000000000000000  -195.1366364600521300  -185.8356322787048500  
50.0000000000000000  20.0000000000000000  0.5000000000000000  -197.7226565539572200  -188.3452880877805500  
60.0000000000000000  20.0000000000000000  0.5000000000000000  -201.6331307897554800  -191.4572151490014800  
70.0000000000000000  20.0000000000000000  0.5000000000000000  -207.3401900780286800  -192.9956470298078600  
10.0000000000000000  25.0000000000000000  0.5000000000000000  -190.1011124537901100  -181.9862493194932000  
20.0000000000000000  25.0000000000000000  0.5000000000000000  -191.1978419496737200  -180.7515116027597900  
30.0000000000000000  25.0000000000000000  0.5000000000000000  -192.6310611436565000  -182.8828149066219500  
40.0000000000000000  25.0000000000000000  0.5000000000000000  -194.5625587361299200  -185.1469698290006200  
50.0000000000000000  25.0000000000000000  0.5000000000000000  -197.1732010969798000  -187.5935138466809900  
60.0000000000000000  25.0000000000000000  0.5000000000000000  -201.1466156062442100  -190.7406686226154600  
70.0000000000000000  25.0000000000000000  0.5000000000000000  -206.9872854875912900  -192.6702436197179200  
10.0000000000000000  30.0000000000000000  0.5000000000000000  -189.6651082458783200  -181.5465622615906800  
20.0000000000000000  30.0000000000000000  0.5000000000000000  -190.7623334006683800  -180.2986250666244000  
30.0000000000000000  30.0000000000000000  0.5000000000000000  -192.1978705952632300  -182.4078219812840600  
40.0000000000000000  30.0000000000000000  0.5000000000000000  -194.1363207543329300  -184.6355213681918600  
50.0000000000000000  30.0000000000000000  0.5000000000000000  -196.7635715339775100  -187.0325489555064300  
60.0000000000000000  30.0000000000000000  0.5000000000000000  -200.7807849689315800  -190.1902771964365100  
70.0000000000000000  30.0000000000000000  0.5000000000000000  -206.7180562182977900  -192.3951326914555600  
10.0000000000000000  35.0000000000000000  0.5000000000000000  -189.3076674925457000  -181.1860446285601800  
20.0000000000000000  35.0000000000000000  0.5000000000000000  -190.4052612059315400  -179.9271161270320900  
30.0000000000000000  35.0000000000000000  0.5000000000000000  -191.8425353993578400  -182.0178562753368700  
40.0000000000000000  35.0000000000000000  0.5000000000000000  -193.7862175588503000  -184.2150190029323700  
50.0000000000000000  35.0000000000000000  0.5000000000000000  -196.4260207643018200  -186.5694190482176400  
60.0000000000000000  35.0000000000000000  0.5000000000000000  -200.4772427183631300  -189.7259024576456700  
70.0000000000000000  35.0000000000000000  0.5000000000000000  -206.4919435396970500  -192.1444154311184900  
10.0000000000000000  5.0000000000000000  1.0000000000000000  -195.5979786136359500  -187.4839870692187600  
20.0000000000000000  5.0000000000000000  1.0000000000000000  -196.5646275436920400  -186.2362394692584900  
30.0000000000000000  5.0000000000000000  1.0000000000000000  -197.7784209558188900  -188.3627644953319300  
40.0000000000000000  5.0000000000000000  1.0000000000000000  -199.3881384258061800  -190.6866300479370000  
50.0000000000000000  5.0000000000000000  1.0000000000000000  -201.5407311926804300  -193.1584961273046300  
60.0000000000000000  5.0000000000000000  1.0000000000000000  -204.7773347476572800  -195.1727985371784100  
70.0000000000000000  5.0000000000000000  1.0000000000000000  -209.4552527531327300  -194.1976802766840800  
10.0000000000000000  10.0000000000000000  1.0000000000000000  -193.9228057770539800  -185.7985079820308600  
20.0000000000000000  10.0000000000000000  1.0000000000000000  -194.8925208546252200  -184.5117537090193300  
30.0000000000000000  10.0000000000000000  1.0000000000000000  -196.1200415957995900  -186.5763203993351700  
40.0000000000000000  10.0000000000000000  1.0000000000000000  -197.7703496597143000  -188.8013280815210400  
50.0000000000000000  10.0000000000000000  1.0000000000000000  -200.0182075270435600  -191.2148020430149400  
60.0000000000000000  10.0000000000000000  1.0000000000000000  -203.4752725103322200  -193.7609690159823700  
70.0000000000000000  10.0000000000000000  1.0000000000000000  -208.5567296393602100  -193.8104831562569100  
10.0000000000000000  15.0000000000000000  1.0000000000000000  -192.8125453058194700  -184.6803054311158100  
20.0000000000000000  15.0000000000000000  1.0000000000000000  -193.7841367149768800  -183.3639928596339500  
30.0000000000000000  15.0000000000000000  1.0000000000000000  -195.0199570754317900  -185.3800311611834100  
40.0000000000000000  15.0000000000000000  1.0000000000000000  -196.6945729162601700  -187.5256577817771400  
50.0000000000000000  15.0000000000000000  1.0000000000000000  -198.9993023388769000  -189.8565814144051600  
60.0000000000000000  15.0000000000000000  1.0000000000000000  -202.5923593922379100  -192.6216005189359400  
70.0000000000000000  15.0000000000000000  1.0000000000000000  -207.9369523022070900  -193.4256745466741700  
10.0000000000000000  20.0000000000000000  1.0000000000000000  -192.0655306392252700  -183.9275234169990700  
20.0000000000000000  20.0000000000000000  1.0000000000000000  -193.0383377016706300  -182.5897328483718500  
30.0000000000000000  20.0000000000000000  1.0000000000000000  -194.2793701623026000  -184.5698916271203400  
40.0000000000000000  20.0000000000000000  1.0000000000000000  -195.9690203920978600  -186.6562126030652600  
50.0000000000000000  20.0000000000000000  1.0000000000000000  -198.3087284763925600  -188.9144021628276000  
60.0000000000000000  20.0000000000000000  1.0000000000000000  -201.9877450417190500  -191.7638160676403300  
70.0000000000000000  20.0000000000000000  1.0000000000000000  -207.5061182029949100  -193.0798616811894100  
10.0000000000000000  25.0000000000000000  1.0000000000000000  -191.4767956585596700  -183.3340376008939600  
20.0000000000000000  25.0000000000000000  1.0000000000000000  -192.4503692342873400  -181.9790950779281500  
30.0000000000000000  25.0000000000000000  1.0000000000000000  -193.6949025827777900  -183.9307930266796200  
40.0000000000000000  25.0000000000000000  1.0000000000000000  -195.3949426681756400  -185.9701868104186500  
50.0000000000000000  25.0000000000000000  1.0000000000000000  -197.7592730194151000  -188.1680165444971600  
60.0000000000000000  25.0000000000000000  1.0000000000000000  -201.5012298582078100  -191.0584828556104100  
70.0000000000000000  25.0000000000000000  1.0000000000000000  -207.1532136125575800  -192.7626265542035600  
10.0000000000000000  30.0000000000000000  1.0000000000000000  -191.0407914506478200  -182.8944052847749000  
20.0000000000000000  30.0000000000000000  1.0000000000000000  -192.0148606852820000  -181.5264947504062400  
30.0000000000000000  30.0000000000000000  1.0000000000000000  -193.2617120343844600  -183.4566334269829900  
40.0000000000000000  30.0000000000000000  1.0000000000000000  -194.9687046863786900  -185.4603872677025700  
50.0000000000000000  30.0000000000000000  1.0000000000000000  -197.3496434564127900  -187.6104312128381100  
60.0000000000000000  30.0000000000000000  1.0000000000000000  -201.1353992208951500  -190.5154676494903500  
70.0000000000000000  30.0000000000000000  1.0000000000000000  -206.8839843432640500  -192.4939592598732400  
10.0000000000000000  35.0000000000000000  1.0000000000000000  -190.6833506973152300  -182.5339248506359700  
20.0000000000000000  35.0000000000000000  1.0000000000000000  -191.6577884905451600  -181.1551871322642700  
30.0000000000000000  35.0000000000000000  1.0000000000000000  -192.9063768384791000  -183.0672633796136200  
40.0000000000000000  35.0000000000000000  1.0000000000000000  -194.6186014908960500  -185.0410642955570800  
50.0000000000000000  35.0000000000000000  1.0000000000000000  -197.0120926867371300  -187.1497272512690100  
60.0000000000000000  35.0000000000000000  1.0000000000000000  -200.8318569703266700  -190.0565768113283100  
70.0000000000000000  35.0000000000000000  1.0000000000000000  -206.6578716646633000  -192.2487592860240700  
10.0000000000000000  5.0000000000000000  1.5000000000000000  -197.8907839549185000  -189.7243881572317200  
20.0000000000000000  5.0000000000000000  1.5000000000000000  -198.6521730180480700  -188.2605805025612300  
30.0000000000000000  5.0000000000000000  1.5000000000000000  -199.5514900210209500  -190.0590970973083500  
40.0000000000000000  5.0000000000000000  1.5000000000000000  -200.7754449792157600  -191.9733767153051100  
50.0000000000000000  5.0000000000000000  1.5000000000000000  -202.5175177300726000  -193.9731876502851800  
60.0000000000000000  5.0000000000000000  1.5000000000000000  -205.3683585009299000  -195.5088507976491000  
70.0000000000000000  5.0000000000000000  1.5000000000000000  -209.7317996280765200  -194.2777179404113800  
10.0000000000000000  10.0000000000000000  1.5000000000000000  -196.2156111183365700  -188.0408604684362800  
20.0000000000000000  10.0000000000000000  1.5000000000000000  -196.9800663289812500  -186.5445541507501700  
30.0000000000000000  10.0000000000000000  1.5000000000000000  -197.8931106610017100  -188.2940413190910100  
40.0000000000000000  10.0000000000000000  1.5000000000000000  -199.1576562131238900  -190.1269734862855500  
50.0000000000000000  10.0000000000000000  1.5000000000000000  -200.9949940644357300  -192.0980358922811900  
60.0000000000000000  10.0000000000000000  1.5000000000000000  -204.0662962636048700  -194.1786081053830900  
70.0000000000000000  10.0000000000000000  1.5000000000000000  -208.8332765143039800  -193.9110059607795100  
10.0000000000000000  15.0000000000000000  1.5000000000000000  -195.1053506471020000  -186.9235325328300800  
20.0000000000000000  15.0000000000000000  1.5000000000000000  -195.8716821893329200  -185.4006331321580800  
30.0000000000000000  15.0000000000000000  1.5000000000000000  -196.7930261406339100  -187.1075343460295000  
40.0000000000000000  15.0000000000000000  1.5000000000000000  -198.0818794696697000  -188.8690488468587900  
50.0000000000000000  15.0000000000000000  1.5000000000000000  -199.9760888762690500  -190.7720275495290100  
60.0000000000000000  15.0000000000000000  1.5000000000000000  -203.1833831455105600  -193.0884019712839000  
70.0000000000000000  15.0000000000000000  1.5000000000000000  -208.2134991771508500  -193.5450883848815200  
10.0000000000000000  20.0000000000000000  1.5000000000000000  -194.3583359805078300  -186.1711956709897300  
20.0000000000000000  20.0000000000000000  1.5000000000000000  -195.1258831760266600  -184.6283498455851200  
30.0000000000000000  20.0000000000000000  1.5000000000000000  -196.0524392275046600  -186.3024646848036500  
40.0000000000000000  20.0000000000000000  1.5000000000000000  -197.3563269455074500  -188.0087634443218300  
50.0000000000000000  20.0000000000000000  1.5000000000000000  -199.2855150137847000  -189.8466431158642000  
60.0000000000000000  20.0000000000000000  1.5000000000000000  -202.5787687949916700  -192.2598707460267600  
70.0000000000000000  20.0000000000000000  1.5000000000000000  -207.7826650779387000  -193.2149404123608500  
10.0000000000000000  25.0000000000000000  1.5000000000000000  -193.7696009998422300  -185.5779927775528800  
20.0000000000000000  25.0000000000000000  1.5000000000000000  -194.5379147086434300  -184.0189899013631100  
30.0000000000000000  25.0000000000000000  1.5000000000000000  -195.4679716479798500  -185.6666596068648700  
40.0000000000000000  25.0000000000000000  1.5000000000000000  -196.7822492215852300  -187.3286462352628000  
50.0000000000000000  25.0000000000000000  1.5000000000000000  -198.7360595568072800  -189.1110574245400900  
60.0000000000000000  25.0000000000000000  1.5000000000000000  -202.0922536114804600  -191.5745875887266400  
70.0000000000000000  25.0000000000000000  1.5000000000000000  -207.4297604875013700  -192.9110969735877700  
10.0000000000000000  30.0000000000000000  1.5000000000000000  -193.3335967919304000  -185.1385363218658700  
20.0000000000000000  30.0000000000000000  1.5000000000000000  -194.1024061596380600  -183.5671957757779200  
30.0000000000000000  30.0000000000000000  1.5000000000000000  -195.0347810995865500  -185.1945906192569000  
40.0000000000000000  30.0000000000000000  1.5000000000000000  -196.3560112397882400  -186.8225820467230300  
50.0000000000000000  30.0000000000000000  1.5000000000000000  -198.3264299938049600  -188.5602984638863400  
60.0000000000000000  30.0000000000000000  1.5000000000000000  -201.7264229741677800  -191.0448606235993300  
70.0000000000000000  30.0000000000000000  1.5000000000000000  -207.1605312182078400  -192.6530431356428000  
10.0000000000000000  35.0000000000000000  1.5000000000000000  -192.9761560385978200  -184.7781808369281000  
20.0000000000000000  35.0000000000000000  1.5000000000000000  -193.7453339649012200  -183.1964687126628900  
30.0000000000000000  35.0000000000000000  1.5000000000000000  -194.6794459036812000  -184.8067352928566200  
40.0000000000000000  35.0000000000000000  1.5000000000000000  -196.0059080443056100  -186.4059577685475200  
50.0000000000000000  35.0000000000000000  1.5000000000000000  -197.9888792241293100  -188.1045276096891400  
60.0000000000000000  35.0000000000000000  1.5000000000000000  -201.4228807235993200  -190.5959052179015600  
70.0000000000000000  35.0000000000000000  1.5000000000000000  -206.9344185396070900  -192.4169667331319100  
10.0000000000000000  5.0000000000000000  0.5000000000000000  -197.1901912062548900  -188.1463786058195600  
20.0000000000000000  5.0000000000000000  0.5000000000000000  -198.4772422084510000  -187.1101839120328800  
30.0000000000000000  5.0000000000000000  0.5000000000000000  -199.5766092630052500  -187.1322244721986600  
40.0000000000000000  5.0000000000000000  0.5000000000000000  -201.1884003239281600  -188.4584869332639100  
50.0000000000000000  5.0000000000000000  0.5000000000000000  -203.4890203777946500  -189.6242492076356100  
60.0000000000000000  5.0000000000000000  0.5000000000000000  -206.5775486126015000  -189.6196499388123000  
70.0000000000000000  5.0000000000000000  0.5000000000000000  -211.3604864887854000  -188.6296698114306600  
10.0000000000000000  10.0000000000000000  0.5000000000000000  -195.5159358055663300  -187.0180574920260900  
20.0000000000000000  10.0000000000000000  0.5000000000000000  -196.8186673184472100  -185.7823339610224600  
30.0000000000000000  10.0000000000000000  0.5000000000000000  -197.9566769306522600  -185.7072615976761100  
40.0000000000000000  10.0000000000000000  0.5000000000000000  -199.6618139777195300  -187.0899722698934500  
50.0000000000000000  10.0000000000000000  0.5000000000000000  -202.1610374621730600  -188.5664985409247300  
60.0000000000000000  10.0000000000000000  0.5000000000000000  -205.5836872975760300  -189.0632156541840100  
70.0000000000000000  10.0000000000000000  0.5000000000000000  -210.7597744950764400  -188.4420061192493000  
10.0000000000000000  15.0000000000000000  0.5000000000000000  -194.4063222597259500  -186.1958183866726700  
20.0000000000000000  15.0000000000000000  0.5000000000000000  -195.7196714807854800  -184.8423197650521400  
30.0000000000000000  15.0000000000000000  0.5000000000000000  -196.8829526987261400  -184.7006397037052900  
40.0000000000000000  15.0000000000000000  0.5000000000000000  -198.6481361459900700  -186.0973783965009400  
50.0000000000000000  15.0000000000000000  0.5000000000000000  -201.2760331945065100  -187.7507645217636700  
60.0000000000000000  15.0000000000000000  0.5000000000000000  -204.9228214614509200  -188.6074806056972500  
70.0000000000000000  15.0000000000000000  0.5000000000000000  -210.3725759299190900  -188.2931888606579200  
10.0000000000000000  20.0000000000000000  0.5000000000000000  -193.6597492985982900  -185.6130308044507200  
20.0000000000000000  20.0000000000000000  0.5000000000000000  -194.9803891728526500  -184.1871219564396500  
30.0000000000000000  20.0000000000000000  0.5000000000000000  -196.1606253200081700  -183.9997179834815000  
40.0000000000000000  20.0000000000000000  0.5000000000000000  -197.9654929329510400  -185.3953959179810900  
50.0000000000000000  20.0000000000000000  0.5000000000000000  -200.6786638924713800  -187.1503149104121600  
60.0000000000000000  20.0000000000000000  0.5000000000000000  -204.4775440517508400  -188.2540188220203800  
70.0000000000000000  20.0000000000000000  0.5000000000000000  -210.1182248822040000  -188.1786684272515800  
10.0000000000000000  25.0000000000000000  0.5000000000000000  -193.0713912469743700  -185.1385841902264800  
20.0000000000000000  25.0000000000000000  0.5000000000000000  -194.3975814223948100  -183.6595878330255100  
30.0000000000000000  25.0000000000000000  0.5000000000000000  -195.5903720600667300  -183.4362769439522400  
40.0000000000000000  25.0000000000000000  0.5000000000000000  -197.4246677730689600  -184.8263017550078200  
50.0000000000000000  25.0000000000000000  0.5000000000000000  -200.2021621582136400  -186.6509058870474900  
60.0000000000000000  25.0000000000000000  0.5000000000000000  -204.1200111145018900  -187.9474920637956900  
70.0000000000000000  25.0000000000000000  0.5000000000000000  -209.9174684653514200  -188.0784803597339300  
10.0000000000000000  30.0000000000000000  0.5000000000000000  -192.6356749155272300  -184.7792749804298200  
20.0000000000000000  30.0000000000000000  0.5000000000000000  -193.9659282155709300  -183.2631266335330900  
30.0000000000000000  30.0000000000000000  0.5000000000000000  -195.1677304442733300  -183.0131530748151900  
40.0000000000000000  30.0000000000000000  0.5000000000000000  -197.0230567854062800  -184.3961204523666900  
50.0000000000000000  30.0000000000000000  0.5000000000000000  -199.8468906354273400  -186.2659460573292400  
60.0000000000000000  30.0000000000000000  0.5000000000000000  -203.8524603947512000  -187.7029098715765700  
70.0000000000000000  30.0000000000000000  0.5000000000000000  -209.7694485052669800  -187.9976258451952700  
10.0000000000000000  35.0000000000000000  0.5000000000000000  -192.2784735926831300  -184.4799880888453700  
20.0000000000000000  35.0000000000000000  0.5000000000000000  -193.6120414234567000  -182.9347052015599500  
30.0000000000000000  35.0000000000000000  0.5000000000000000  -194.8210861080685800  -182.6627924053844100  
40.0000000000000000  35.0000000000000000  0.5000000000000000  -196.6932236192620600  -184.0381453135515200  
50.0000000000000000  35.0000000000000000  0.5000000000000000  -199.5542768898721700  -185.9408065994223300  
60.0000000000000000  35.0000000000000000  0.5000000000000000  -203.6315189513944400  -187.4904565214405400  
70.0000000000000000  35.0000000000000000  0.5000000000000000  -209.6487512978323800  -187.9265036218386100  
10.0000000000000000  5.0000000000000000  1.0000000000000000  -198.5658744110244200  -188.9511923065535900  
20.0000000000000000  5.0000000000000000  1.0000000000000000  -199.7297694930646800  -187.9958297092461500  
30.0000000000000000  5.0000000000000000  1.0000000000000000  -200.6404507021265400  -187.9218564260441400  
40.0000000000000000  5.0000000000000000  1.0000000000000000  -202.0207842559739200  -189.0280441339421600  
50.0000000000000000  5.0000000000000000  1.0000000000000000  -204.0750923002299500  -189.9443570923244000  
60.0000000000000000  5.0000000000000000  1.0000000000000000  -206.9321628645650700  -189.7557719695454900  
70.0000000000000000  5.0000000000000000  1.0000000000000000  -211.5264146137516300  -188.6691315783829700  
10.0000000000000000  10.0000000000000000  1.0000000000000000  -196.8916190103358600  -187.9440038071259400  
20.0000000000000000  10.0000000000000000  1.0000000000000000  -198.0711946030608600  -186.7589863710671200  
30.0000000000000000  10.0000000000000000  1.0000000000000000  -199.0205183697735300  -186.5719847729168900  
40.0000000000000000  10.0000000000000000  1.0000000000000000  -200.4941979097652900  -187.7322576150578800  
50.0000000000000000  10.0000000000000000  1.0000000000000000  -202.7471093846083900  -188.9475954460143600  
60.0000000000000000  10.0000000000000000  1.0000000000000000  -205.9383015495396300  -189.2290993966555000  
70.0000000000000000  10.0000000000000000  1.0000000000000000  -210.9257026200426700  -188.4884970041765100  
10.0000000000000000  15.0000000000000000  1.0000000000000000  -195.7820054644955100  -187.1938668350413200  
20.0000000000000000  15.0000000000000000  1.0000000000000000  -196.9721987653991000  -185.8693131044708800  
30.0000000000000000  15.0000000000000000  1.0000000000000000  -197.9467941378473800  -185.6058377700728100  
40.0000000000000000  15.0000000000000000  1.0000000000000000  -199.4805200780358200  -186.7801997637782600  
50.0000000000000000  15.0000000000000000  1.0000000000000000  -201.8621051169418500  -188.1700538001732400  
60.0000000000000000  15.0000000000000000  1.0000000000000000  -205.2774357134145200  -188.7951374996158100  
70.0000000000000000  15.0000000000000000  1.0000000000000000  -210.5385040548853800  -188.3450748684013800  
10.0000000000000000  20.0000000000000000  1.0000000000000000  -195.0354325033677900  -186.6551632225772200  
20.0000000000000000  20.0000000000000000  1.0000000000000000  -196.2329164574663300  -185.2435628971496700  
30.0000000000000000  20.0000000000000000  1.0000000000000000  -197.2244667591294300  -184.9281815178297000  
40.0000000000000000  20.0000000000000000  1.0000000000000000  -198.7978768649967900  -186.1018944624893000  
50.0000000000000000  20.0000000000000000  1.0000000000000000  -201.2647358149067100  -187.5935677261389900  
60.0000000000000000  20.0000000000000000  1.0000000000000000  -204.8321583037144400  -188.4570735737647200  
70.0000000000000000  20.0000000000000000  1.0000000000000000  -210.2841530071702300  -188.2345903306276400  
10.0000000000000000  25.0000000000000000  1.0000000000000000  -194.4470744517439000  -186.2128067377465200  
20.0000000000000000  25.0000000000000000  1.0000000000000000  -195.6501087070084300  -184.7368403435525000  
30.0000000000000000  25.0000000000000000  1.0000000000000000  -196.6542134991879600  -184.3809605731771300  
40.0000000000000000  25.0000000000000000  1.0000000000000000  -198.2570517051147200  -185.5494214358123200  
50.0000000000000000  25.0000000000000000  1.0000000000000000  -200.7882340806489500  -187.1117569309988100  
60.0000000000000000  25.0000000000000000  1.0000000000000000  -204.4746253664654900  -188.1629303122839800  
70.0000000000000000  25.0000000000000000  1.0000000000000000  -210.0833965903176800  -188.1378492024118100  
10.0000000000000000  30.0000000000000000  1.0000000000000000  -194.0113581202967300  -185.8757385057005500  
20.0000000000000000  30.0000000000000000  1.0000000000000000  -195.2184555001845800  -184.3544996949559600  
30.0000000000000000  30.0000000000000000  1.0000000000000000  -196.2315718833946200  -183.9687306331125000  
40.0000000000000000  30.0000000000000000  1.0000000000000000  -197.8554407174520400  -185.1304504179144900  
50.0000000000000000  30.0000000000000000  1.0000000000000000  -200.4329625578626200  -186.7390581354384000  
60.0000000000000000  30.0000000000000000  1.0000000000000000  -204.2070746467147700  -187.9276173645703800  
70.0000000000000000  30.0000000000000000  1.0000000000000000  -209.9353766302332400  -188.0597176558924300  
10.0000000000000000  35.0000000000000000  1.0000000000000000  -193.6541567974526900  -185.5937223021553300  
20.0000000000000000  35.0000000000000000  1.0000000000000000  -194.8645687080703200  -184.0368729325226700  
30.0000000000000000  35.0000000000000000  1.0000000000000000  -195.8849275471898500  -183.6266329413200000  
40.0000000000000000  35.0000000000000000  1.0000000000000000  -197.5256075513077900  -184.7809986401557000  
50.0000000000000000  35.0000000000000000  1.0000000000000000  -200.1403488123074500  -186.4234623898154600  
60.0000000000000000  35.0000000000000000  1.0000000000000000  -203.9861332033580400  -187.7227963096790700  
70.0000000000000000  35.0000000000000000  1.0000000000000000  -209.8146794227986600  -187.9909465740826700  
10.0000000000000000  5.0000000000000000  1.5000000000000000  -200.8586797523069800  -190.0582898035752900  
20.0000000000000000  5.0000000000000000  1.5000000000000000  -201.8173149674207100  -189.2966279813832100  
30.0000000000000000  5.0000000000000000  1.5000000000000000  -202.4135197673286400  -189.1156807101368700  
40.0000000000000000  5.0000000000000000  1.5000000000000000  -203.4080908093834800  -189.8909977234515100  
50.0000000000000000  5.0000000000000000  1.5000000000000000  -205.0518788376221000  -190.4283625731460500  
60.0000000000000000  5.0000000000000000  1.5000000000000000  -207.5231866178377200  -189.9642868493431300  
70.0000000000000000  5.0000000000000000  1.5000000000000000  -211.8029614886954400  -188.7312466040481800  
10.0000000000000000  10.0000000000000000  1.5000000000000000  -199.1844243516184200  -189.2670091209821500  
20.0000000000000000  10.0000000000000000  1.5000000000000000  -200.1587400774168900  -188.2374545872491800  
30.0000000000000000  10.0000000000000000  1.5000000000000000  -200.7935874349756500  -187.9125611173886300  
40.0000000000000000  10.0000000000000000  1.5000000000000000  -201.8815044631748500  -188.7285744466425400  
50.0000000000000000  10.0000000000000000  1.5000000000000000  -203.7238959220005400  -189.5347527327900800  
60.0000000000000000  10.0000000000000000  1.5000000000000000  -206.5293253028122500  -189.4853575031245000  
70.0000000000000000  10.0000000000000000  1.5000000000000000  -211.2022494949864900  -188.5617680933937700  
10.0000000000000000  15.0000000000000000  1.5000000000000000  -198.0748108057780400  -188.6536190801971900  
20.0000000000000000  15.0000000000000000  1.5000000000000000  -199.0597442397551600  -187.4509331269878500  
30.0000000000000000  15.0000000000000000  1.5000000000000000  -199.7198632030495000  -187.0287444070193000  
40.0000000000000000  15.0000000000000000  1.5000000000000000  -200.8678266314453500  -187.8537212329370600  
50.0000000000000000  15.0000000000000000  1.5000000000000000  -202.8388916543339900  -188.8238879885726400  
60.0000000000000000  15.0000000000000000  1.5000000000000000  -205.8684594666871700  -189.0868891739841600  
70.0000000000000000  15.0000000000000000  1.5000000000000000  -210.8150509298291400  -188.4269382387502100  
10.0000000000000000  20.0000000000000000  1.5000000000000000  -197.3282378446503500  -188.2017886592178100  
20.0000000000000000  20.0000000000000000  1.5000000000000000  -198.3204619318223600  -186.8872304111414700  
30.0000000000000000  20.0000000000000000  1.5000000000000000  -198.9975358243315200  -186.3994957418561300  
40.0000000000000000  20.0000000000000000  1.5000000000000000  -200.1851834184063500  -187.2215219732148300  
50.0000000000000000  20.0000000000000000  1.5000000000000000  -202.2415223522988600  -188.2901038509345700  
60.0000000000000000  20.0000000000000000  1.5000000000000000  -205.4231820569870900  -188.7742282663619400  
70.0000000000000000  20.0000000000000000  1.5000000000000000  -210.5606998821140500  -188.3228997933288400  
10.0000000000000000  25.0000000000000000  1.5000000000000000  -196.7398797930264900  -187.8242985296647000  
20.0000000000000000  25.0000000000000000  1.5000000000000000  -197.7376541813644900  -186.4251429845567700  
30.0000000000000000  25.0000000000000000  1.5000000000000000  -198.4272825643900800  -185.8865053533503400  
40.0000000000000000  25.0000000000000000  1.5000000000000000  -199.6443582585242800  -186.7018756574556400  
50.0000000000000000  25.0000000000000000  1.5000000000000000  -201.7650206180410900  -187.8400912974377100  
60.0000000000000000  25.0000000000000000  1.5000000000000000  -205.0656491197381400  -188.5006996772004600  
70.0000000000000000  25.0000000000000000  1.5000000000000000  -210.3599434652614900  -188.2316770611175800  
10.0000000000000000  30.0000000000000000  1.5000000000000000  -196.3041634615793200  -187.5330136864174600  
20.0000000000000000  30.0000000000000000  1.5000000000000000  -197.3060009745406100  -186.0734629801195300  
30.0000000000000000  30.0000000000000000  1.5000000000000000  -198.0046409485966900  -185.4974928906698300  
40.0000000000000000  30.0000000000000000  1.5000000000000000  -199.2427472708615700  -186.3052664829481000  
50.0000000000000000  30.0000000000000000  1.5000000000000000  -201.4097490952547700  -187.4897747354863500  
60.0000000000000000  30.0000000000000000  1.5000000000000000  -204.7980983999874000  -188.2809286090934500  
70.0000000000000000  30.0000000000000000  1.5000000000000000  -210.2119235051770300  -188.1579138142861000  
10.0000000000000000  35.0000000000000000  1.5000000000000000  -195.9469621387352200  -187.2870229676480800  
20.0000000000000000  35.0000000000000000  1.5000000000000000  -196.9521141824263900  -185.7794818383546800  
30.0000000000000000  35.0000000000000000  1.5000000000000000  -197.6579966123919700  -185.1731290162233800  
40.0000000000000000  35.0000000000000000  1.5000000000000000  -198.9129141047173700  -185.9729392473480200  
50.0000000000000000  35.0000000000000000  1.5000000000000000  -201.1171353496995900  -187.1917340785817900  
60.0000000000000000  35.0000000000000000  1.5000000000000000  -204.5771569566306900  -188.0889782490180800  
70.0000000000000000  35.0000000000000000  1.5000000000000000  -210.0912262977424200  -188.0929211383038600  
10.0000000000000000  5.0000000000000000  0.5000000000000000  -193.1571641161353900  -186.9035885768675200  
20.0000000000000000  5.0000000000000000  0.5000000000000000  -195.0790850778597000  -187.4996836379148700  
30.0000000000000000  5.0000000000000000  0.5000000000000000  -196.9321016450157900  -188.0534316909874000  
40.0000000000000000  5.0000000000000000  0.5000000000000000  -198.3494997525384900  -188.3432995501149200  
50.0000000000000000  5.0000000000000000  0.5000000000000000  -200.4066938271935200  -188.8287867519621000  
60.0000000000000000  5.0000000000000000  0.5000000000000000  -202.9190456866010700  -188.3394950858534900  
70.0000000000000000  5.0000000000000000  0.5000000000000000  -206.6618037098757800  -186.6772376124483200  
10.0000000000000000  10.0000000000000000  0.5000000000000000  -191.4807783952406300  -185.7854933186321500  
20.0000000000000000  10.0000000000000000  0.5000000000000000  -193.4138440259600900  -186.3084040064443300  
30.0000000000000000  10.0000000000000000  0.5000000000000000  -195.3228812688337300  -186.7847829702519700  
40.0000000000000000  10.0000000000000000  0.5000000000000000  -196.8359959162986300  -186.9592087458693200  
50.0000000000000000  10.0000000000000000  0.5000000000000000  -199.0795544218560700  -187.5989167409791800  
60.0000000000000000  10.0000000000000000  0.5000000000000000  -201.8922377548084600  -187.5911513808701700  
70.0000000000000000  10.0000000000000000  0.5000000000000000  -206.0219047173342800  -186.3831282411293600  
10.0000000000000000  15.0000000000000000  0.5000000000000000  -190.3696784108387300  -184.9683938513462400  
20.0000000000000000  15.0000000000000000  0.5000000000000000  -192.3103331285673800  -185.4496754408099000  
30.0000000000000000  15.0000000000000000  0.5000000000000000  -194.2569936585669600  -185.8805299723695200  
40.0000000000000000  15.0000000000000000  0.5000000000000000  -195.8323528015548300  -185.9797899654752500  
50.0000000000000000  15.0000000000000000  0.5000000000000000  -198.1968574467508700  -186.6981743667820400  
60.0000000000000000  15.0000000000000000  0.5000000000000000  -201.2083925626619400  -187.0081364940050200  
70.0000000000000000  15.0000000000000000  0.5000000000000000  -205.6034982342550300  -186.1574269082924500  
10.0000000000000000  20.0000000000000000  0.5000000000000000  -189.6220713077338500  -184.3881276064952300  
20.0000000000000000  20.0000000000000000  0.5000000000000000  -191.5678165713911800  -184.8447136868385600  
30.0000000000000000  20.0000000000000000  0.5000000000000000  -193.5399870387821000  -185.2473932670050100  
40.0000000000000000  20.0000000000000000  0.5000000000000000  -195.1567299400388700  -185.2961361727999200  
50.0000000000000000  20.0000000000000000  0.5000000000000000  -197.6014164599566000  -186.0548884403119100  
60.0000000000000000  20.0000000000000000  0.5000000000000000  -200.7465931165025400  -186.5711493583465900  
70.0000000000000000  20.0000000000000000  0.5000000000000000  -205.3249823929905300  -185.9878157985042400  
10.0000000000000000  25.0000000000000000  0.5000000000000000  -189.0328905541844600  -183.9150871863604900  
20.0000000000000000  25.0000000000000000  0.5000000000000000  -190.9827803050592400  -184.3542233916867300  
30.0000000000000000  25.0000000000000000  0.5000000000000000  -192.9746707167647900  -184.7360330000882400  
40.0000000000000000  25.0000000000000000  0.5000000000000000  -194.6225169229969400  -184.7448362416635100  
50.0000000000000000  25.0000000000000000  0.5000000000000000  -197.1279370296137500  -185.5278103162114300  
60.0000000000000000  25.0000000000000000  0.5000000000000000  -200.3767452935580000  -186.1991434480834800  
70.0000000000000000  25.0000000000000000  0.5000000000000000  -205.1033172881792600  -185.8413735220293600  
10.0000000000000000  30.0000000000000000  0.5000000000000000  -188.5965583240970900  -183.5564521692490400  
20.0000000000000000  30.0000000000000000  0.5000000000000000  -190.5495372910063500  -183.9837671302606700  
30.0000000000000000  30.0000000000000000  0.5000000000000000  -192.5558975310388500  -184.3508022110828200  
40.0000000000000000  30.0000000000000000  0.5000000000000000  -194.2261505134696900  -184.3298140607321900  
50.0000000000000000  30.0000000000000000  0.5000000000000000  -196.7754214886199400  -185.1261882676580800  
60.0000000000000000  30.0000000000000000  0.5000000000000000  -200.1001431877260500  -185.9069364635420800  
70.0000000000000000  30.0000000000000000  0.5000000000000000  -204.9384965637178500  -185.7245487854308700  
10.0000000000000000  35.0000000000000000  0.5000000000000000  -188.2388475640778200  -183.2574670708199800  
20.0000000000000000  35.0000000000000000  0.5000000000000000  -190.1943546630636500  -183.6757708397531100  
30.0000000000000000  35.0000000000000000  0.5000000000000000  -192.2125036868699200  -184.0310882162481200  
40.0000000000000000  35.0000000000000000  0.5000000000000000  -193.9007685444846600  -183.9854748627425900  
50.0000000000000000  35.0000000000000000  0.5000000000000000  -196.4853106208669500  -184.7898543131859100  
60.0000000000000000  35.0000000000000000  0.5000000000000000  -199.8717331485858600  -185.6562425419504300  
70.0000000000000000  35.0000000000000000  0.5000000000000000  -204.8030578111863600  -185.6227487079915800  
10.0000000000000000  5.0000000000000000  1.0000000000000000  -194.5328473209049200  -187.7017194100060400  
20.0000000000000000  5.0000000000000000  1.0000000000000000  -196.3316123624733200  -188.2986626444977100  
30.0000000000000000  5.0000000000000000  1.0000000000000000  -197.9959430841370200  -188.7972609857672500  
40.0000000000000000  5.0000000000000000  1.0000000000000000  -199.1818836845842200  -188.9854016351415600  
50.0000000000000000  5.0000000000000000  1.0000000000000000  -200.9927657496288000  -189.2527833487979800  
60.0000000000000000  5.0000000000000000  1.0000000000000000  -203.2736599385646600  -188.5434558596114100  
70.0000000000000000  5.0000000000000000  1.0000000000000000  -206.8277318348420400  -186.7445281614674600  
10.0000000000000000  10.0000000000000000  1.0000000000000000  -192.8564616000101600  -186.7070393432153400  
20.0000000000000000  10.0000000000000000  1.0000000000000000  -194.6663713105737100  -187.2128386819643400  
30.0000000000000000  10.0000000000000000  1.0000000000000000  -196.3867227079549600  -187.6104312024044400  
40.0000000000000000  10.0000000000000000  1.0000000000000000  -197.6683798483443900  -187.6569481668963400  
50.0000000000000000  10.0000000000000000  1.0000000000000000  -199.6656263442913800  -188.0689836797859000  
60.0000000000000000  10.0000000000000000  1.0000000000000000  -202.2468520067720600  -187.8249183154065300  
70.0000000000000000  10.0000000000000000  1.0000000000000000  -206.1878328423005400  -186.4598921424276900  
10.0000000000000000  15.0000000000000000  1.0000000000000000  -191.7453616156082600  -185.9640747288275100  
20.0000000000000000  15.0000000000000000  1.0000000000000000  -193.5628604131810300  -186.4154577163480200  
30.0000000000000000  15.0000000000000000  1.0000000000000000  -195.3208350976881900  -186.7523182027966600  
40.0000000000000000  15.0000000000000000  1.0000000000000000  -196.6647367336005300  -186.7077615914205600  
50.0000000000000000  15.0000000000000000  1.0000000000000000  -198.7829293691861800  -187.1947468083558300  
60.0000000000000000  15.0000000000000000  1.0000000000000000  -201.5630068146255400  -187.2618867566524200  
70.0000000000000000  15.0000000000000000  1.0000000000000000  -205.7694263592213100  -186.2411247483601600  
10.0000000000000000  20.0000000000000000  1.0000000000000000  -190.9977545125033800  -185.4294714510893400  
20.0000000000000000  20.0000000000000000  1.0000000000000000  -192.8203438560048000  -185.8475463177933300  
30.0000000000000000  20.0000000000000000  1.0000000000000000  -194.6038284779033300  -186.1465297152043100  
40.0000000000000000  20.0000000000000000  1.0000000000000000  -195.9891138720846300  -186.0416084804273300  
50.0000000000000000  20.0000000000000000  1.0000000000000000  -198.1874883823918800  -186.5673108495637700  
60.0000000000000000  20.0000000000000000  1.0000000000000000  -201.1012073684661300  -186.8382012814663500  
70.0000000000000000  20.0000000000000000  1.0000000000000000  -205.4909105179568200  -186.0765174657549900  
10.0000000000000000  25.0000000000000000  1.0000000000000000  -190.4085737589540200  -184.9898788990866500  
20.0000000000000000  25.0000000000000000  1.0000000000000000  -192.2353075896728600  -185.3838295867529100  
30.0000000000000000  25.0000000000000000  1.0000000000000000  -194.0385121558860500  -185.6546812532496300  
40.0000000000000000  25.0000000000000000  1.0000000000000000  -195.4549008550426900  -185.5025844154184300  
50.0000000000000000  25.0000000000000000  1.0000000000000000  -197.7140089520490300  -186.0515696541749000  
60.0000000000000000  25.0000000000000000  1.0000000000000000  -200.7313595455215700  -186.4764827074917800  
70.0000000000000000  25.0000000000000000  1.0000000000000000  -205.2692454131455400  -185.9342444501261600  
10.0000000000000000  30.0000000000000000  1.0000000000000000  -189.9722415288666500  -184.6545550354088000  
20.0000000000000000  30.0000000000000000  1.0000000000000000  -191.8020645756199700  -185.0318482207905200  
30.0000000000000000  30.0000000000000000  1.0000000000000000  -193.6197389701601400  -185.2827884329653900  
40.0000000000000000  30.0000000000000000  1.0000000000000000  -195.0585344455154200  -185.0958447631530800  
50.0000000000000000  30.0000000000000000  1.0000000000000000  -197.3614934110552200  -185.6576944474831000  
60.0000000000000000  30.0000000000000000  1.0000000000000000  -200.4547574396896400  -186.1917335525477000  
70.0000000000000000  30.0000000000000000  1.0000000000000000  -205.1044246886841100  -185.8206431399554500  
10.0000000000000000  35.0000000000000000  1.0000000000000000  -189.6145307688473700  -184.3737599241950400  
20.0000000000000000  35.0000000000000000  1.0000000000000000  -191.4468819476772700  -184.7381605748017800  
30.0000000000000000  35.0000000000000000  1.0000000000000000  -193.2763451259911800  -184.9733313399285100  
40.0000000000000000  35.0000000000000000  1.0000000000000000  -194.7331524765303900  -184.7578096831930500  
50.0000000000000000  35.0000000000000000  1.0000000000000000  -197.0713825433022400  -185.3273060702006200  
60.0000000000000000  35.0000000000000000  1.0000000000000000  -200.2263474005494300  -185.9470267607734400  
70.0000000000000000  35.0000000000000000  1.0000000000000000  -204.9689859361526200  -185.7215766211549200  
10.0000000000000000  5.0000000000000000  1.5000000000000000  -196.8256526621874800  -188.7947393162841400  
20.0000000000000000  5.0000000000000000  1.5000000000000000  -198.4191578368293600  -189.4350525661645000  
30.0000000000000000  5.0000000000000000  1.5000000000000000  -199.7690121493391200  -189.9011658678032300  
40.0000000000000000  5.0000000000000000  1.5000000000000000  -200.5691902379938100  -189.9798017804502600  
50.0000000000000000  5.0000000000000000  1.5000000000000000  -201.9695522870209700  -189.9138921058166100  
60.0000000000000000  5.0000000000000000  1.5000000000000000  -203.8646836918373100  -188.8617966591876300  
70.0000000000000000  5.0000000000000000  1.5000000000000000  -207.1042787097858300  -186.8512683947308800  
10.0000000000000000  10.0000000000000000  1.5000000000000000  -195.1492669412927200  -188.0179060445168500  
20.0000000000000000  10.0000000000000000  1.5000000000000000  -196.7539167849297700  -188.5428946490246700  
30.0000000000000000  10.0000000000000000  1.5000000000000000  -198.1597917731570500  -188.8685175860900100  
40.0000000000000000  10.0000000000000000  1.5000000000000000  -199.0556864017539200  -188.7573027944409300  
50.0000000000000000  10.0000000000000000  1.5000000000000000  -200.6424128816835300  -188.8125830460815800  
60.0000000000000000  10.0000000000000000  1.5000000000000000  -202.8378757600447100  -188.1928071799882200  
70.0000000000000000  10.0000000000000000  1.5000000000000000  -206.4643797172443600  -186.5818512315299500  
10.0000000000000000  15.0000000000000000  1.5000000000000000  -194.0381669568908500  -187.4139744879462300  
20.0000000000000000  15.0000000000000000  1.5000000000000000  -195.6504058875370600  -187.8643081007032300  
30.0000000000000000  15.0000000000000000  1.5000000000000000  -197.0939041628903100  -188.1010311113171600  
40.0000000000000000  15.0000000000000000  1.5000000000000000  -198.0520432870101200  -187.8673568826700900  
50.0000000000000000  15.0000000000000000  1.5000000000000000  -199.7597159065783500  -187.9869649280612100  
60.0000000000000000  15.0000000000000000  1.5000000000000000  -202.1540305678981600  -187.6635275093046900  
70.0000000000000000  15.0000000000000000  1.5000000000000000  -206.0459732341651000  -186.3742695003986100  
10.0000000000000000  20.0000000000000000  1.5000000000000000  -193.2905598537859400  -186.9682081335404900  
20.0000000000000000  20.0000000000000000  1.5000000000000000  -194.9078893303608600  -187.3704210881144300  
30.0000000000000000  20.0000000000000000  1.5000000000000000  -196.3768975431054600  -187.5502513199603500  
40.0000000000000000  20.0000000000000000  1.5000000000000000  -197.3764204254941900  -187.2360514004037700  
50.0000000000000000  20.0000000000000000  1.5000000000000000  -199.1642749197840200  -187.3890336769836700  
60.0000000000000000  20.0000000000000000  1.5000000000000000  -201.6922311217387600  -187.2625635660714400  
70.0000000000000000  20.0000000000000000  1.5000000000000000  -205.7674573929006100  -186.2177619452143100  
10.0000000000000000  25.0000000000000000  1.5000000000000000  -192.7013791002365500  -186.5952516419288500  
20.0000000000000000  25.0000000000000000  1.5000000000000000  -194.3228530640289200  -186.9612740682761400  
30.0000000000000000  25.0000000000000000  1.5000000000000000  -195.8115812210881800  -187.0982396967895100  
40.0000000000000000  25.0000000000000000  1.5000000000000000  -196.8422074084522300  -186.7217181774152800  
50.0000000000000000  25.0000000000000000  1.5000000000000000  -198.6907954894411700  -186.8946046481339600  
60.0000000000000000  25.0000000000000000  1.5000000000000000  -201.3223832987941900  -186.9185653176224700  
70.0000000000000000  25.0000000000000000  1.5000000000000000  -205.5457922880893300  -186.0822574024183500  
10.0000000000000000  30.0000000000000000  1.5000000000000000  -192.2650468701492300  -186.3071420647759500  
20.0000000000000000  30.0000000000000000  1.5000000000000000  -193.8896100499760300  -186.6474701426125500  
30.0000000000000000  30.0000000000000000  1.5000000000000000  -195.3928080353622100  -186.7538586625373400  
40.0000000000000000  30.0000000000000000  1.5000000000000000  -196.4458409989250100  -186.3317534892753700  
50.0000000000000000  30.0000000000000000  1.5000000000000000  -198.3382799484473900  -186.5153977631134700  
60.0000000000000000  30.0000000000000000  1.5000000000000000  -201.0457811929622700  -186.6467475205067500  
70.0000000000000000  30.0000000000000000  1.5000000000000000  -205.3809715636279000  -185.9739021969916700  
10.0000000000000000  35.0000000000000000  1.5000000000000000  -191.9073361101299000  -186.0636191397280200  
20.0000000000000000  35.0000000000000000  1.5000000000000000  -193.5344274220333300  -186.3836372824662000  
30.0000000000000000  35.0000000000000000  1.5000000000000000  -195.0494141911932500  -186.4657097994600000  
40.0000000000000000  35.0000000000000000  1.5000000000000000  -196.1204590299399800  -186.0065493724052300  
50.0000000000000000  35.0000000000000000  1.5000000000000000  -198.0481690806944100  -186.1963277127356400  
60.0000000000000000  35.0000000000000000  1.5000000000000000  -200.8173711538220800  -186.4124761369327200  
70.0000000000000000  35.0000000000000000  1.5000000000000000  -205.2455328110964400  -185.8792940124894500  
10.0000000000000000  5.0000000000000000  0.5000000000000000  -192.4231544051194800  -188.2671871008468000  
20.0000000000000000  5.0000000000000000  0.5000000000000000  -193.8504254445629200  -188.0129755606368500  
30.0000000000000000  5.0000000000000000  0.5000000000000000  -195.7888847050545600  -188.0082993353650500  
40.0000000000000000  5.0000000000000000  0.5000000000000000  -197.2373580505764600  -188.0432883625592800  
50.0000000000000000  5.0000000000000000  0.5000000000000000  -199.0761094768949400  -188.7681174354593500  
60.0000000000000000  5.0000000000000000  0.5000000000000000  -201.4783452402683400  -189.4138920755553400  
70.0000000000000000  5.0000000000000000  0.5000000000000000  -204.8582929612140000  -188.6257887307208400  
10.0000000000000000  10.0000000000000000  0.5000000000000000  -190.7465013909300900  -186.9833446010694900  
20.0000000000000000  10.0000000000000000  0.5000000000000000  -192.1765536038892300  -186.6677921366518500  
30.0000000000000000  10.0000000000000000  0.5000000000000000  -194.1566888234220600  -186.6150198333929200  
40.0000000000000000  10.0000000000000000  0.5000000000000000  -195.6811712434065100  -186.5520744531105200  
50.0000000000000000  10.0000000000000000  0.5000000000000000  -197.6620775669121900  -187.2932525967892200  
60.0000000000000000  10.0000000000000000  0.5000000000000000  -200.3327443284361800  -188.3233428987533700  
70.0000000000000000  10.0000000000000000  0.5000000000000000  -204.1460611848147600  -188.1624190335788900  
10.0000000000000000  15.0000000000000000  0.5000000000000000  -189.6352127517849300  -186.0721004963912400  
20.0000000000000000  15.0000000000000000  0.5000000000000000  -191.0670435779145500  -185.7208553482641700  
30.0000000000000000  15.0000000000000000  0.5000000000000000  -193.0749539341960300  -185.6332117298915700  
40.0000000000000000  15.0000000000000000  0.5000000000000000  -194.6481119762474300  -185.4946678690888600  
50.0000000000000000  15.0000000000000000  0.5000000000000000  -196.7182453392697400  -186.2113390306500700  
60.0000000000000000  15.0000000000000000  0.5000000000000000  -199.5606326427265500  -187.4464770638902600  
70.0000000000000000  15.0000000000000000  0.5000000000000000  -203.6686417427984600  -187.7702836065344100  
10.0000000000000000  20.0000000000000000  0.5000000000000000  -188.8874772247996200  -185.4358670335680900  
20.0000000000000000  20.0000000000000000  0.5000000000000000  -190.3203818713275600  -185.0627628320477800  
30.0000000000000000  20.0000000000000000  0.5000000000000000  -192.3469255619618800  -184.9503682631656700  
40.0000000000000000  20.0000000000000000  0.5000000000000000  -193.9520237260182400  -184.7565006877078100  
50.0000000000000000  20.0000000000000000  0.5000000000000000  -196.0798009431894700  -185.4411082478069900  
60.0000000000000000  20.0000000000000000  0.5000000000000000  -199.0346189632687400  -186.7838584038734100  
70.0000000000000000  20.0000000000000000  0.5000000000000000  -203.3447006336341500  -187.4547302076378800  
10.0000000000000000  25.0000000000000000  0.5000000000000000  -188.2981858630613200  -184.9228491395495000  
20.0000000000000000  25.0000000000000000  0.5000000000000000  -189.7320111426811000  -184.5338495911289000  
30.0000000000000000  25.0000000000000000  0.5000000000000000  -191.7729950891898100  -184.4014807997752400  
40.0000000000000000  25.0000000000000000  0.5000000000000000  -193.4017774612523500  -184.1619796385095100  
50.0000000000000000  25.0000000000000000  0.5000000000000000  -195.5718693961452500  -184.8134007054784700  
60.0000000000000000  25.0000000000000000  0.5000000000000000  -198.6110214445114400  -186.2217151644191200  
70.0000000000000000  25.0000000000000000  0.5000000000000000  -203.0815436814140200  -187.1699434891574500  
10.0000000000000000  30.0000000000000000  0.5000000000000000  -187.8617689568477800  -184.5368883161235900  
20.0000000000000000  30.0000000000000000  0.5000000000000000  -189.2962657341663300  -184.1368069995800700  
30.0000000000000000  30.0000000000000000  0.5000000000000000  -191.3478102664741400  -183.9893298635533700  
40.0000000000000000  30.0000000000000000  0.5000000000000000  -192.9934607367199000  -183.7148250481756400  
50.0000000000000000  30.0000000000000000  0.5000000000000000  -195.1933701515268400  -184.3371791619147500  
60.0000000000000000  30.0000000000000000  0.5000000000000000  -198.2927641822926700  -185.7824682296667900  
70.0000000000000000  30.0000000000000000  0.5000000000000000  -202.8827627937038500  -186.9353122938699100  
10.0000000000000000  35.0000000000000000  0.5000000000000000  -187.5039877330450200  -184.2169051236534800  
20.0000000000000000  35.0000000000000000  0.5000000000000000  -188.9390131173077200  -183.8081527416855700  
30.0000000000000000  35.0000000000000000  0.5000000000000000  -190.9991224496751800  -183.6480788478596700  
40.0000000000000000  35.0000000000000000  0.5000000000000000  -192.6582004714966800  -183.3441027339738700  
50.0000000000000000  35.0000000000000000  0.5000000000000000  -194.8816157990379500  -183.9398082363712500  
60.0000000000000000  35.0000000000000000  0.5000000000000000  -198.0289763540520200  -185.4077995219001300  
70.0000000000000000  35.0000000000000000  0.5000000000000000  -202.7173111590302300  -186.7260806998878000  
10.0000000000000000  5.0000000000000000  1.0000000000000000  -193.7988376098890100  -189.2142544968725100  
20.0000000000000000  5.0000000000000000  1.0000000000000000  -195.1029527291765400  -188.9296172388695500  
30.0000000000000000  5.0000000000000000  1.0000000000000000  -196.8527261441757900  -188.8079697845674300  
40.0000000000000000  5.0000000000000000  1.0000000000000000  -198.0697419826221900  -188.6816636612989800  
50.0000000000000000  5.0000000000000000  1.0000000000000000  -199.6621813993302500  -189.1939468377661600  
60.0000000000000000  5.0000000000000000  1.0000000000000000  -201.8329594922319100  -189.6356897799496700  
70.0000000000000000  5.0000000000000000  1.0000000000000000  -205.0242210861802600  -188.7125311818492400  
10.0000000000000000  10.0000000000000000  1.0000000000000000  -192.1221845956996500  -188.0337670867672300  
20.0000000000000000  10.0000000000000000  1.0000000000000000  -193.4290808885028500  -187.6710579773956300  
30.0000000000000000  10.0000000000000000  1.0000000000000000  -195.2205302625433200  -187.4880132288368500  
40.0000000000000000  10.0000000000000000  1.0000000000000000  -196.5135551754522700  -187.2496451355140400  
50.0000000000000000  10.0000000000000000  1.0000000000000000  -198.2481494893474700  -187.7708999999370600  
60.0000000000000000  10.0000000000000000  1.0000000000000000  -200.6873585803997700  -188.5820025362237400  
70.0000000000000000  10.0000000000000000  1.0000000000000000  -204.3119893097810400  -188.2617117950376000  
10.0000000000000000  15.0000000000000000  1.0000000000000000  -191.0108959565544600  -187.1808461958123600  
20.0000000000000000  15.0000000000000000  1.0000000000000000  -192.3195708625282000  -186.7718051866586700  
30.0000000000000000  15.0000000000000000  1.0000000000000000  -194.1387953733172900  -186.5460086442827200  
40.0000000000000000  15.0000000000000000  1.0000000000000000  -195.4804959082931600  -186.2236829235389700  
50.0000000000000000  15.0000000000000000  1.0000000000000000  -197.3043172617050200  -186.7172146279798400  
60.0000000000000000  15.0000000000000000  1.0000000000000000  -199.9152468946901400  -187.7284672756471200  
70.0000000000000000  15.0000000000000000  1.0000000000000000  -203.8345698677647400  -187.8790871555483800  
10.0000000000000000  20.0000000000000000  1.0000000000000000  -190.2631604295691500  -186.5792633525818200  
20.0000000000000000  20.0000000000000000  1.0000000000000000  -191.5729091559411800  -186.1416070227885500  
30.0000000000000000  20.0000000000000000  1.0000000000000000  -193.4107670010831700  -185.8862047106981100  
40.0000000000000000  20.0000000000000000  1.0000000000000000  -194.7844076580640000  -185.5033911349236700  
50.0000000000000000  20.0000000000000000  1.0000000000000000  -196.6658728656247800  -185.9631254498372400  
60.0000000000000000  20.0000000000000000  1.0000000000000000  -199.3892332152323100  -187.0804080551322700  
70.0000000000000000  20.0000000000000000  1.0000000000000000  -203.5106287586004300  -187.5704734247255200  
10.0000000000000000  25.0000000000000000  1.0000000000000000  -189.6738690678308800  -186.0910554119192600  
20.0000000000000000  25.0000000000000000  1.0000000000000000  -190.9845384272947200  -185.6324461273843300  
30.0000000000000000  25.0000000000000000  1.0000000000000000  -192.8368365283110700  -185.3534879615114300  
40.0000000000000000  25.0000000000000000  1.0000000000000000  -194.2341613932980800  -184.9212243447876200  
50.0000000000000000  25.0000000000000000  1.0000000000000000  -196.1579413185805500  -185.3465506095915600  
60.0000000000000000  25.0000000000000000  1.0000000000000000  -198.9656356964750300  -186.5288542662271700  
70.0000000000000000  25.0000000000000000  1.0000000000000000  -203.2474718063803000  -187.2914364984127600  
10.0000000000000000  30.0000000000000000  1.0000000000000000  -189.2374521616173400  -185.7221171556860200  
20.0000000000000000  30.0000000000000000  1.0000000000000000  -190.5487930187799700  -185.2488432774640000  
30.0000000000000000  30.0000000000000000  1.0000000000000000  -192.4116517055954000  -184.9522603609061900  
40.0000000000000000  30.0000000000000000  1.0000000000000000  -193.8258446687656500  -184.4823087262461200  
50.0000000000000000  30.0000000000000000  1.0000000000000000  -195.7794420739621200  -184.8777198268612100  
60.0000000000000000  30.0000000000000000  1.0000000000000000  -198.6473784342562700  -186.0968878389124900  
70.0000000000000000  30.0000000000000000  1.0000000000000000  -203.0486909186701000  -187.0611984581850900  
10.0000000000000000  35.0000000000000000  1.0000000000000000  -188.8796709378145800  -185.4152721484981600  
20.0000000000000000  35.0000000000000000  1.0000000000000000  -190.1915404019213700  -184.9304950404434700  
30.0000000000000000  35.0000000000000000  1.0000000000000000  -192.0629638887964500  -184.6193355778776500  
40.0000000000000000  35.0000000000000000  1.0000000000000000  -193.4905844035424400  -184.1177998192910600  
50.0000000000000000  35.0000000000000000  1.0000000000000000  -195.4676877214732300  -184.4858923799332000  
60.0000000000000000  35.0000000000000000  1.0000000000000000  -198.3835906060156200  -185.7278084952049000  
70.0000000000000000  35.0000000000000000  1.0000000000000000  -202.8832392839964900  -186.8556371791975200  
10.0000000000000000  5.0000000000000000  1.5000000000000000  -196.0916429511715600  -190.5754397264070100  
20.0000000000000000  5.0000000000000000  1.5000000000000000  -197.1904982035326300  -190.2857786900200900  
30.0000000000000000  5.0000000000000000  1.5000000000000000  -198.6257952093779100  -190.0168755963455300  
40.0000000000000000  5.0000000000000000  1.5000000000000000  -199.4570485360317800  -189.6693116474664900  
50.0000000000000000  5.0000000000000000  1.5000000000000000  -200.6389679367224200  -189.8585546422906100  
60.0000000000000000  5.0000000000000000  1.5000000000000000  -202.4239832455045300  -189.9836723812774200  
70.0000000000000000  5.0000000000000000  1.5000000000000000  -205.3007679611240500  -188.8509500320072300  
10.0000000000000000  10.0000000000000000  1.5000000000000000  -194.4149899369821800  -189.5950150722717400  
20.0000000000000000  10.0000000000000000  1.5000000000000000  -195.5166263628589100  -189.1985416516072900  
30.0000000000000000  10.0000000000000000  1.5000000000000000  -196.9935993277454400  -188.8401907041318300  
40.0000000000000000  10.0000000000000000  1.5000000000000000  -197.9008617288618300  -188.3502146892509500  
50.0000000000000000  10.0000000000000000  1.5000000000000000  -199.2249360267396100  -188.5290435929381700  
60.0000000000000000  10.0000000000000000  1.5000000000000000  -201.2783823336724300  -188.9924071757639300  
70.0000000000000000  10.0000000000000000  1.5000000000000000  -204.5885361847248000  -188.4205573018305700  
10.0000000000000000  15.0000000000000000  1.5000000000000000  -193.3037012978370500  -188.8609455589859700  
20.0000000000000000  15.0000000000000000  1.5000000000000000  -194.4071163368842300  -188.3978351935967600  
30.0000000000000000  15.0000000000000000  1.5000000000000000  -195.9118644385194200  -187.9789440746721700  
40.0000000000000000  15.0000000000000000  1.5000000000000000  -196.8678024617027500  -187.3861273954048000  
50.0000000000000000  15.0000000000000000  1.5000000000000000  -198.2811037990972000  -187.5277679000220100  
60.0000000000000000  15.0000000000000000  1.5000000000000000  -200.5062706479627600  -188.1792643831088900  
70.0000000000000000  15.0000000000000000  1.5000000000000000  -204.1111167427085300  -188.0535456230226700  
10.0000000000000000  20.0000000000000000  1.5000000000000000  -192.5559657708517400  -188.3320239247158300  
20.0000000000000000  20.0000000000000000  1.5000000000000000  -193.6604546302972400  -187.8266917642013100  
30.0000000000000000  20.0000000000000000  1.5000000000000000  -195.1838360662852700  -187.3668651260903700  
40.0000000000000000  20.0000000000000000  1.5000000000000000  -196.1717142114735600  -186.7016238460047400  
50.0000000000000000  20.0000000000000000  1.5000000000000000  -197.6426594030168900  -186.8041512590588100  
60.0000000000000000  20.0000000000000000  1.5000000000000000  -199.9802569685049300  -187.5567945200608100  
70.0000000000000000  20.0000000000000000  1.5000000000000000  -203.7871756335441900  -187.7564050792063300  
10.0000000000000000  25.0000000000000000  1.5000000000000000  -191.9666744091134400  -187.8967444074106700  
20.0000000000000000  25.0000000000000000  1.5000000000000000  -193.0720839016507900  -187.3599559106064900  
30.0000000000000000  25.0000000000000000  1.5000000000000000  -194.6099055935131900  -186.8680696485198200  
40.0000000000000000  25.0000000000000000  1.5000000000000000  -195.6214679467076700  -186.1444583401495300  
50.0000000000000000  25.0000000000000000  1.5000000000000000  -197.1347278559727000  -186.2088219313326400  
60.0000000000000000  25.0000000000000000  1.5000000000000000  -199.5566594497476800  -187.0240520807223800  
70.0000000000000000  25.0000000000000000  1.5000000000000000  -203.5240186813240700  -187.4869292763811500  
10.0000000000000000  30.0000000000000000  1.5000000000000000  -191.5302575028998700  -187.5645289067330500  
20.0000000000000000  30.0000000000000000  1.5000000000000000  -192.6363384931360100  -187.0054919559809200  
30.0000000000000000  30.0000000000000000  1.5000000000000000  -194.1847207707975300  -186.4899491517829800  
40.0000000000000000  30.0000000000000000  1.5000000000000000  -195.2131512221752100  -185.7223396081172400  
50.0000000000000000  30.0000000000000000  1.5000000000000000  -196.7562286113542600  -185.7542067638091800  
60.0000000000000000  30.0000000000000000  1.5000000000000000  -199.2384021875288900  -186.6051253131669800  
70.0000000000000000  30.0000000000000000  1.5000000000000000  -203.3252377936138900  -187.2640321461202300  
10.0000000000000000  35.0000000000000000  1.5000000000000000  -191.1724762790971700  -187.2862344315718700  
20.0000000000000000  35.0000000000000000  1.5000000000000000  -192.2790858762774100  -186.7096270835045000  
30.0000000000000000  35.0000000000000000  1.5000000000000000  -193.8360329539985400  -186.1747384661351200  
40.0000000000000000  35.0000000000000000  1.5000000000000000  -194.8778909569520600  -185.3705644425480400  
50.0000000000000000  35.0000000000000000  1.5000000000000000  -196.4444742588654000  -185.3731042517008200  
60.0000000000000000  35.0000000000000000  1.5000000000000000  -198.9746143592882400  -186.2461205571337600  
70.0000000000000000  35.0000000000000000  1.5000000000000000  -203.1597861589402800  -187.0646288081626900  
